1 20 -2.5 -2.45 0.726 0.0141772 0.0141772
20 80 -2.5 -2.45 0.726 0.0100495 0.0100495
80 500 -2.5 -2.45 0.726 0.0141772 0.0141772
1 20 -2.45 -2.4 0.881 0.0132902 0.0132902
20 80 -2.45 -2.4 0.881 0.00875378 0.00875378
80 500 -2.45 -2.4 0.881 0.0132902 0.0132902
1 20 -2.4 -2.3 0.957 0.0125723 0.0125723
20 80 -2.4 -2.3 0.957 0.0076199 0.0076199
80 500 -2.4 -2.3 0.957 0.0125723 0.0125723
1 20 -2.3 -2.2 0.966 0.0120919 0.0120919
20 80 -2.3 -2.2 0.966 0.00679816 0.00679816
80 500 -2.3 -2.2 0.966 0.0120919 0.0120919
1 20 -2.2 -2 0.969 0.0107864 0.0107864
20 80 -2.2 -2 0.969 0.00404311 0.00404311
80 500 -2.2 -2 0.969 0.0107864 0.0107864
1 20 -2 -1.8 0.96 0.0118007 0.0118007
20 80 -2 -1.8 0.96 0.00626542 0.00626542
80 500 -2 -1.8 0.96 0.0118007 0.0118007
1 20 -1.8 -1.63 0.954 0.01116 0.01116
20 80 -1.8 -1.63 0.954 0.00495427 0.00495427
80 500 -1.8 -1.63 0.954 0.01116 0.01116
1 20 -1.63 -1.566 0.948 0.0113034 0.0113034
20 80 -1.63 -1.566 0.948 0.00526945 0.00526945
80 500 -1.63 -1.566 0.948 0.0113034 0.0113034
1 20 -1.566 -1.444 0.862 0.0253525 0.0253525
20 80 -1.566 -1.444 0.862 0.023297 0.023297
80 500 -1.566 -1.444 0.862 0.0253525 0.0253525
1 20 -1.444 -1.2 0.961 0.010593 0.010593
20 80 -1.444 -1.2 0.961 0.0034946 0.0034946
80 500 -1.444 -1.2 0.961 0.010593 0.010593
1 20 -1.2 -1 0.962 0.0111546 0.0111546
20 80 -1.2 -1 0.962 0.00494215 0.00494215
80 500 -1.2 -1 0.962 0.0111546 0.0111546
1 20 -1 -0.6 0.96 0.0105114 0.0105114
20 80 -1 -0.6 0.96 0.00323871 0.00323871
80 500 -1 -0.6 0.96 0.0105114 0.0105114
1 20 -0.6 -0.4 0.964 0.0116619 0.0116619
20 80 -0.6 -0.4 0.964 0.006 0.006
80 500 -0.6 -0.4 0.964 0.0116619 0.0116619
1 20 -0.4 -0.2 0.961 0.0117792 0.0117792
20 80 -0.4 -0.2 0.961 0.00622495 0.00622495
80 500 -0.4 -0.2 0.961 0.0117792 0.0117792
1 20 -0.2 0 0.952 0.0112472 0.0112472
20 80 -0.2 0 0.952 0.00514782 0.00514782
80 500 -0.2 0 0.952 0.0112472 0.0112472
1 20 0 0.2 0.956 0.0112472 0.0112472
20 80 0 0.2 0.956 0.00514782 0.00514782
80 500 0 0.2 0.956 0.0112472 0.0112472
1 20 0.2 0.4 0.968 0.0117792 0.0117792
20 80 0.2 0.4 0.968 0.00622495 0.00622495
80 500 0.2 0.4 0.968 0.0117792 0.0117792
1 20 0.4 0.6 0.967 0.0116619 0.0116619
20 80 0.4 0.6 0.967 0.006 0.006
80 500 0.4 0.6 0.967 0.0116619 0.0116619
1 20 0.6 1 0.967 0.0105124 0.0105124
20 80 0.6 1 0.967 0.00324203 0.00324203
80 500 0.6 1 0.967 0.0105124 0.0105124
1 20 1 1.2 0.967 0.0111613 0.0111613
20 80 1 1.2 0.967 0.00495734 0.00495734
80 500 1 1.2 0.967 0.0111613 0.0111613
1 20 1.2 1.444 0.962 0.0105966 0.0105966
20 80 1.2 1.444 0.962 0.0035054 0.0035054
80 500 1.2 1.444 0.962 0.0105966 0.0105966
1 20 1.444 1.566 0.866 0.0253525 0.0253525
20 80 1.444 1.566 0.866 0.023297 0.023297
80 500 1.444 1.566 0.866 0.0253525 0.0253525
1 20 1.566 1.63 0.954 0.011324 0.011324
20 80 1.566 1.63 0.954 0.00531355 0.00531355
80 500 1.566 1.63 0.954 0.011324 0.011324
1 20 1.63 1.8 0.96 0.0111784 0.0111784
20 80 1.63 1.8 0.96 0.0049956 0.0049956
80 500 1.63 1.8 0.96 0.0111784 0.0111784
1 20 1.8 2 0.963 0.0118214 0.0118214
20 80 1.8 2 0.963 0.00630438 0.00630438
80 500 1.8 2 0.963 0.0118214 0.0118214
1 20 2 2.2 0.969 0.0108006 0.0108006
20 80 2 2.2 0.969 0.00408093 0.00408093
80 500 2 2.2 0.969 0.0108006 0.0108006
1 20 2.2 2.3 0.965 0.0121362 0.0121362
20 80 2.2 2.3 0.965 0.00687663 0.00687663
80 500 2.2 2.3 0.965 0.0121362 0.0121362
1 20 2.3 2.4 0.943 0.0126669 0.0126669
20 80 2.3 2.4 0.943 0.00777491 0.00777491
80 500 2.3 2.4 0.943 0.0126669 0.0126669
1 20 2.4 2.45 0.823 0.0137139 0.0137139
20 80 2.4 2.45 0.823 0.00938458 0.00938458
80 500 2.4 2.45 0.823 0.0137139 0.0137139
1 20 2.45 2.5 0.612 0.0158608 0.0158608
20 80 2.45 2.5 0.612 0.0123111 0.0123111
80 500 2.45 2.5 0.612 0.0158608 0.0158608
