10 20 -2.5 -2 0.806557 0.0180196 0.0180196
20 35 -2.5 -2 0.882459 0.0101198 0.0101198
35 50 -2.5 -2 0.918841 0.00903908 0.00903908
50 90 -2.5 -2 0.940397 0.00700136 0.00700136
90 150 -2.5 -2 1.05109 0.0222742 0.0222742
150 500 -2.5 -2 1.05109 0.0224318 0.0224318
10 20 -2 -1.566 0.828571 0.0182791 0.0182791
20 35 -2 -1.566 0.927487 0.0176261 0.0176261
35 50 -2 -1.566 0.966988 0.00730306 0.00730306
50 90 -2 -1.566 0.980964 0.00561478 0.00561478
90 150 -2 -1.566 1.00592 0.0215596 0.0215596
150 500 -2 -1.566 1.00592 0.0217223 0.0217223
10 20 -1.566 -1.444 1.03286 0.106279 0.106279
20 35 -1.566 -1.444 1.00759 0.109913 0.109913
35 50 -1.566 -1.444 0.988196 0.0166871 0.0166871
50 90 -1.566 -1.444 0.995392 0.0240068 0.0240068
90 150 -1.566 -1.444 1.10411 0.0495689 0.0495689
150 500 -1.566 -1.444 1.10411 0.0496399 0.0496399
10 20 -1.444 -0.8 1.00775 0.0272663 0.0272663
20 35 -1.444 -0.8 0.972039 0.0132931 0.0132931
35 50 -1.444 -0.8 0.974667 0.00686833 0.00686833
50 90 -1.444 -0.8 0.971675 0.0186735 0.0186735
90 150 -1.444 -0.8 0.989486 0.00867578 0.00867578
150 500 -1.444 -0.8 0.989486 0.00907265 0.00907265
10 20 -0.8 0 0.940722 0.025741 0.025741
20 35 -0.8 0 0.952998 0.0150816 0.0150816
35 50 -0.8 0 0.953457 0.00472981 0.00472981
50 90 -0.8 0 0.953086 0.0168857 0.0168857
90 150 -0.8 0 0.975496 0.0126071 0.0126071
150 500 -0.8 0 0.975496 0.0128834 0.0128834
10 20 0 0.8 0.945876 0.025741 0.025741
20 35 0 0.8 0.981997 0.0150816 0.0150816
35 50 0 0.8 0.979812 0.00472981 0.00472981
50 90 0 0.8 0.977528 0.0168857 0.0168857
90 150 0 0.8 1.01189 0.0127268 0.0127268
150 500 0 0.8 1.01189 0.0130006 0.0130006
10 20 0.8 1.444 0.98977 0.0272663 0.0272663
20 35 0.8 1.444 0.975207 0.0132931 0.0132931
35 50 0.8 1.444 0.974633 0.00686833 0.00686833
50 90 0.8 1.444 0.978934 0.0186735 0.0186735
90 150 0.8 1.444 1.01073 0.0088888 0.0088888
150 500 0.8 1.444 1.01073 0.00927657 0.00927657
10 20 1.444 1.566 1.03398 0.106279 0.106279
20 35 1.444 1.566 0.974874 0.109913 0.109913
35 50 1.444 1.566 0.966387 0.0166871 0.0166871
50 90 1.444 1.566 0.979907 0.0240068 0.0240068
90 150 1.444 1.566 1.00716 0.049435 0.049435
150 500 1.444 1.566 1.00716 0.0495061 0.0495061
10 20 1.566 2 0.827485 0.0182791 0.0182791
20 35 1.566 2 0.908938 0.0176261 0.0176261
35 50 1.566 2 0.957823 0.00730306 0.00730306
50 90 1.566 2 0.968553 0.00561478 0.00561478
90 150 1.566 2 0.988263 0.0215596 0.0215596
150 500 1.566 2 0.988263 0.0217223 0.0217223
10 20 2 2.5 0.797015 0.0180196 0.0180196
20 35 2 2.5 0.863322 0.0101198 0.0101198
35 50 2 2.5 0.907801 0.00903908 0.00903908
50 90 2 2.5 0.937662 0.00700136 0.00700136
90 150 2 2.5 1.02136 0.0222742 0.0222742
150 500 2 2.5 1.02136 0.0224318 0.0224318
