20 25 -2.4 -2.1 0.975157 0.00218756 0.00218756
25 30 -2.4 -2.1 0.973818 0.0233167 0.0233167
30 40 -2.4 -2.1 0.969421 0.00104321 0.00104321
40 50 -2.4 -2.1 0.972521 0.00338366 0.00338366
50 60 -2.4 -2.1 0.967715 0.00199557 0.00199557
60 120 -2.4 -2.1 0.963147 0.0041034 0.0041034
20 25 -2.1 -1.2 0.986203 0.00124532 0.00124532
25 30 -2.1 -1.2 0.986044 0.00062759 0.00062759
30 40 -2.1 -1.2 0.987781 0.00900475 0.00900475
40 50 -2.1 -1.2 0.990453 0.000195183 0.000195183
50 60 -2.1 -1.2 0.985433 0.000677596 0.000677596
60 120 -2.1 -1.2 0.988782 0.00154051 0.00154051
20 25 -1.2 -0.9 0.972122 0.00706025 0.00706025
25 30 -1.2 -0.9 0.970411 0.00138178 0.00138178
30 40 -1.2 -0.9 0.97336 0.00121951 0.00121951
40 50 -1.2 -0.9 0.974666 0.000346949 0.000346949
50 60 -1.2 -0.9 0.974422 0.00099335 0.00099335
60 120 -1.2 -0.9 0.974703 0.00204299 0.00204299
20 25 -0.9 -0 0.986197 0.00194384 0.00194384
25 30 -0.9 -0 0.982913 0.0202569 0.0202569
30 40 -0.9 -0 0.984309 0.000267815 0.000267815
40 50 -0.9 -0 0.985807 0.000209172 0.000209172
50 60 -0.9 -0 0.981843 0.000612069 0.000612069
60 120 -0.9 -0 0.992177 0.00134836 0.00134836
20 25 0 0.9 0.986197 0.00194384 0.00194384
25 30 0 0.9 0.982913 0.0202569 0.0202569
30 40 0 0.9 0.984309 0.000267815 0.000267815
40 50 0 0.9 0.985807 0.000209172 0.000209172
50 60 0 0.9 0.981843 0.000612069 0.000612069
60 120 0 0.9 0.992177 0.00134836 0.00134836
20 25 0.9 1.2 0.972122 0.00706025 0.00706025
25 30 0.9 1.2 0.970411 0.00138178 0.00138178
30 40 0.9 1.2 0.97336 0.00121951 0.00121951
40 50 0.9 1.2 0.974666 0.000346949 0.000346949
50 60 0.9 1.2 0.974422 0.00099335 0.00099335
60 120 0.9 1.2 0.974703 0.00204299 0.00204299
20 25 1.2 2.1 0.986203 0.00124532 0.00124532
25 30 1.2 2.1 0.986044 0.00062759 0.00062759
30 40 1.2 2.1 0.987781 0.00900475 0.00900475
40 50 1.2 2.1 0.990453 0.000195183 0.000195183
50 60 1.2 2.1 0.985433 0.000677596 0.000677596
60 120 1.2 2.1 0.988782 0.00154051 0.00154051
20 25 2.1 2.4 0.975157 0.00218756 0.00218756
25 30 2.1 2.4 0.973818 0.0233167 0.0233167
30 40 2.1 2.4 0.969421 0.00104321 0.00104321
40 50 2.1 2.4 0.972521 0.00338366 0.00338366
50 60 2.1 2.4 0.967715 0.00199557 0.00199557
60 120 2.1 2.4 0.963147 0.0041034 0.0041034
