20 25 -2.4 -2.1 0.960279 0.00505203 0.00505203
25 30 -2.4 -2.1 0.979044 0.00501783 0.00501783
30 40 -2.4 -2.1 0.990792 0.00500251 0.00500251
40 50 -2.4 -2.1 0.996834 0.00500055 0.00500055
50 60 -2.4 -2.1 0.99741 0.00500353 0.00500353
60 120 -2.4 -2.1 0.997812 0.00500801 0.00500801
20 25 -2.1 -1.2 0.954893 0.00501794 0.00501794
25 30 -2.1 -1.2 0.973407 0.00500762 0.00500762
30 40 -2.1 -1.2 0.988475 0.00500087 0.00500087
40 50 -2.1 -1.2 0.996354 0.005 0.005
50 60 -2.1 -1.2 0.997189 0.00500062 0.00500062
60 120 -2.1 -1.2 0.99727 0.00500141 0.00500141
20 25 -1.2 -0.9 0.933557 0.00511222 0.00511222
25 30 -1.2 -0.9 0.958947 0.00503212 0.00503212
30 40 -1.2 -0.9 0.982735 0.00500305 0.00500305
40 50 -1.2 -0.9 0.994623 0.00500031 0.00500031
50 60 -1.2 -0.9 0.996283 0.00500174 0.00500174
60 120 -1.2 -0.9 0.996781 0.00500336 0.00500336
20 25 -0.9 -0 0.915601 0.00504637 0.00504637
25 30 -0.9 -0 0.948279 0.0050107 0.0050107
30 40 -0.9 -0 0.979085 0.00500089 0.00500089
40 50 -0.9 -0 0.993072 0.00500018 0.00500018
50 60 -0.9 -0 0.995616 0.00500056 0.00500056
60 120 -0.9 -0 0.996224 0.00500107 0.00500107
20 25 0 0.9 0.915601 0.00504637 0.00504637
25 30 0 0.9 0.948279 0.0050107 0.0050107
30 40 0 0.9 0.979085 0.00500089 0.00500089
40 50 0 0.9 0.993072 0.00500018 0.00500018
50 60 0 0.9 0.995616 0.00500056 0.00500056
60 120 0 0.9 0.996224 0.00500107 0.00500107
20 25 0.9 1.2 0.933557 0.00511222 0.00511222
25 30 0.9 1.2 0.958947 0.00503212 0.00503212
30 40 0.9 1.2 0.982735 0.00500305 0.00500305
40 50 0.9 1.2 0.994623 0.00500031 0.00500031
50 60 0.9 1.2 0.996283 0.00500174 0.00500174
60 120 0.9 1.2 0.996781 0.00500336 0.00500336
20 25 1.2 2.1 0.954893 0.00501794 0.00501794
25 30 1.2 2.1 0.973407 0.00500762 0.00500762
30 40 1.2 2.1 0.988475 0.00500087 0.00500087
40 50 1.2 2.1 0.996354 0.005 0.005
50 60 1.2 2.1 0.997189 0.00500062 0.00500062
60 120 1.2 2.1 0.99727 0.00500141 0.00500141
20 25 2.1 2.4 0.960279 0.00505203 0.00505203
25 30 2.1 2.4 0.979044 0.00501783 0.00501783
30 40 2.1 2.4 0.990792 0.00500251 0.00500251
40 50 2.1 2.4 0.996834 0.00500055 0.00500055
50 60 2.1 2.4 0.99741 0.00500353 0.00500353
60 120 2.1 2.4 0.997812 0.00500801 0.00500801
