20 25 0 0.5 0.0010864 9.69967e-05 0.000106058
25 30 0 0.5 0.405967 0.00102987 0.00103069
30 40 0 0.5 0.790072 0.000371669 0.000371187
40 45 0 0.5 0.856879 0.000338396 0.000337732
45 50 0 0.5 0.878309 0.000392515 0.000391429
50 60 0 0.5 0.896544 0.00050498 0.000502814
60 70 0 0.5 0.914516 0.00104381 0.00103246
70 85 0 0.5 0.931027 0.00130152 0.00127939
85 115 0 0.5 0.94867 0.00138448 0.00135049
115 130 0 0.5 0.970107 0.00244828 0.00227443
130 150 0 0.5 0.966407 0.00290773 0.00269164
150 175 0 0.5 0.96925 0.00337157 0.00306202
175 200 0 0.5 0.969214 0.0046046 0.0040538
200 250 0 0.5 0.968874 0.00470196 0.00413504
250 300 0 0.5 0.975543 0.00711475 0.00566931
20 25 0.5 1 0.000989554 9.59234e-05 0.000105694
25 30 0.5 1 0.456961 0.00106715 0.00106754
30 40 0.5 1 0.860453 0.000320476 0.000319861
40 45 0.5 1 0.906559 0.000288504 0.000287709
45 50 0.5 1 0.920081 0.000330856 0.000329613
50 60 0.5 1 0.929783 0.000428893 0.000426492
60 70 0.5 1 0.940217 0.000896821 0.000884493
70 85 0.5 1 0.952273 0.00112413 0.00109982
85 115 0.5 1 0.959326 0.00128664 0.00124938
115 130 0.5 1 0.973593 0.00249886 0.00229633
130 150 0.5 1 0.975927 0.00264952 0.00240377
150 175 0.5 1 0.974493 0.00329983 0.00294863
175 200 0.5 1 0.974601 0.0044265 0.00382266
200 250 0.5 1 0.971547 0.00464928 0.00404945
250 300 0.5 1 0.971743 0.00819979 0.00654295
20 25 1 1.444 0.0011117 0.00012555 0.000140578
25 30 1 1.444 0.383865 0.00129895 0.00130061
30 40 1 1.444 0.830713 0.000420079 0.000419252
40 45 1 1.444 0.889524 0.000362696 0.000361658
45 50 1 1.444 0.9076 0.000407083 0.000405482
50 60 1 1.444 0.920616 0.000520119 0.000517034
60 70 1 1.444 0.932419 0.00109009 0.00107415
70 85 1 1.444 0.94472 0.00138501 0.00135349
85 115 1 1.444 0.958562 0.00153603 0.00148435
115 130 1 1.444 0.975049 0.00287626 0.00259881
130 150 1 1.444 0.972303 0.00349956 0.00313534
150 175 1 1.444 0.978994 0.00367068 0.0031667
175 200 1 1.444 0.970009 0.00586668 0.00499238
200 250 1 1.444 0.975365 0.00562492 0.00467331
250 300 1 1.444 0.987437 0.0084092 0.00541591
20 25 1.444 1.56 0.0351759 0.00206791 0.00218825
25 30 1.444 1.56 0.38483 0.00389736 0.00391207
30 40 1.444 1.56 0.773159 0.00143903 0.00143264
40 45 1.444 1.56 0.84193 0.00139139 0.00138156
45 50 1.444 1.56 0.86005 0.00163565 0.00161991
50 60 1.444 1.56 0.866342 0.00214133 0.00211296
60 70 1.444 1.56 0.865346 0.00478341 0.00464672
70 85 1.444 1.56 0.870736 0.00667336 0.00639965
85 115 1.444 1.56 0.892521 0.00779274 0.00734142
115 130 1.444 1.56 0.952077 0.0153348 0.0120704
130 150 1.444 1.56 0.956522 0.015244 0.0117646
150 175 1.444 1.56 0.955665 0.0195918 0.0143546
175 200 1.444 1.56 0.94382 0.0362177 0.0240536
200 250 1.444 1.56 0.953271 0.0303749 0.0200375
250 300 1.444 1.56 1 0.0576587 0
20 25 1.56 2.1 0.00209469 0.000184743 0.000201761
25 30 1.56 2.1 0.351733 0.00137238 0.00137483
30 40 1.56 2.1 0.743391 0.000548465 0.000547699
40 45 1.56 2.1 0.821111 0.000530923 0.000529695
45 50 1.56 2.1 0.846144 0.000637761 0.000635611
50 60 1.56 2.1 0.859999 0.000852917 0.000848604
60 70 1.56 2.1 0.874233 0.00182237 0.00180021
70 85 1.56 2.1 0.889197 0.00238829 0.00234457
85 115 1.56 2.1 0.909032 0.00266233 0.00259503
115 130 1.56 2.1 0.969897 0.00388409 0.00347358
130 150 1.56 2.1 0.965676 0.0046336 0.00412692
150 175 1.56 2.1 0.975092 0.00497035 0.00421401
175 200 1.56 2.1 0.971223 0.00783338 0.00632461
200 250 1.56 2.1 0.97151 0.00775673 0.0062621
250 300 1.56 2.1 0.97479 0.0147541 0.00995518
20 25 2.1 2.5 0.000996187 0.000183854 0.000221328
25 30 2.1 2.5 0.22765 0.0017919 0.00180186
30 40 2.1 2.5 0.657096 0.00092998 0.000928778
40 45 2.1 2.5 0.744061 0.000997099 0.000994564
45 50 2.1 2.5 0.771916 0.00121899 0.00121443
50 60 2.1 2.5 0.793496 0.00162932 0.00161992
60 70 2.1 2.5 0.822847 0.00344423 0.00339305
70 85 2.1 2.5 0.849532 0.00456141 0.00445223
85 115 2.1 2.5 0.88357 0.00509693 0.00491444
115 130 2.1 2.5 0.950543 0.00872793 0.00755465
130 150 2.1 2.5 0.952454 0.00986951 0.00835514
150 175 2.1 2.5 0.96789 0.0108388 0.00840429
175 200 2.1 2.5 0.975248 0.0163977 0.0106508
200 250 2.1 2.5 0.988304 0.0152175 0.00755092
250 300 2.1 2.5 0.964912 0.044412 0.0226311
