20 25 -2.4 -2.1 0.996638 0.00517445 0.00517445
25 30 -2.4 -2.1 1.00123 0.00505815 0.00505815
30 40 -2.4 -2.1 1.00003 0.00500843 0.00500843
40 50 -2.4 -2.1 0.999972 0.00500217 0.00500217
50 60 -2.4 -2.1 0.999537 0.00500941 0.00500941
60 120 -2.4 -2.1 1.00024 0.00502605 0.00502605
20 25 -2.1 -1.2 0.999665 0.00505999 0.00505999
25 30 -2.1 -1.2 1.00134 0.00502149 0.00502149
30 40 -2.1 -1.2 1.00085 0.00500282 0.00500282
40 50 -2.1 -1.2 0.999556 0.005 0.005
50 60 -2.1 -1.2 0.999595 0.00500179 0.00500179
60 120 -2.1 -1.2 0.999538 0.00500416 0.00500416
20 25 -1.2 -0.9 0.997237 0.00528889 0.00528889
25 30 -1.2 -0.9 1.00048 0.00509346 0.00509346
30 40 -1.2 -0.9 1.00031 0.00500927 0.00500927
40 50 -1.2 -0.9 0.999248 0.00500092 0.00500092
50 60 -1.2 -0.9 0.99984 0.00500542 0.00500542
60 120 -1.2 -0.9 1.00005 0.00501151 0.00501151
20 25 -0.9 -0 0.993262 0.00512484 0.00512484
25 30 -0.9 -0 0.998243 0.00503115 0.00503115
30 40 -0.9 -0 0.998787 0.00500271 0.00500271
40 50 -0.9 -0 0.999057 0.00500033 0.00500033
50 60 -0.9 -0 0.999523 0.00500175 0.00500175
60 120 -0.9 -0 0.999844 0.00500371 0.00500371
20 25 0 0.9 0.993262 0.00512484 0.00512484
25 30 0 0.9 0.998243 0.00503115 0.00503115
30 40 0 0.9 0.998787 0.00500271 0.00500271
40 50 0 0.9 0.999057 0.00500033 0.00500033
50 60 0 0.9 0.999523 0.00500175 0.00500175
60 120 0 0.9 0.999844 0.00500371 0.00500371
20 25 0.9 1.2 0.997237 0.00528889 0.00528889
25 30 0.9 1.2 1.00048 0.00509346 0.00509346
30 40 0.9 1.2 1.00031 0.00500927 0.00500927
40 50 0.9 1.2 0.999248 0.00500092 0.00500092
50 60 0.9 1.2 0.99984 0.00500542 0.00500542
60 120 0.9 1.2 1.00005 0.00501151 0.00501151
20 25 1.2 2.1 0.999665 0.00505999 0.00505999
25 30 1.2 2.1 1.00134 0.00502149 0.00502149
30 40 1.2 2.1 1.00085 0.00500282 0.00500282
40 50 1.2 2.1 0.999556 0.005 0.005
50 60 1.2 2.1 0.999595 0.00500179 0.00500179
60 120 1.2 2.1 0.999538 0.00500416 0.00500416
20 25 2.1 2.4 0.996638 0.00517445 0.00517445
25 30 2.1 2.4 1.00123 0.00505815 0.00505815
30 40 2.1 2.4 1.00003 0.00500843 0.00500843
40 50 2.1 2.4 0.999972 0.00500217 0.00500217
50 60 2.1 2.4 0.999537 0.00500941 0.00500941
60 120 2.1 2.4 1.00024 0.00502605 0.00502605
