20 25 -2.4 -2.1 0.9836 0.00207563 0.00207563
25 30 -2.4 -2.1 0.991704 0.00125149 0.00125149
30 40 -2.4 -2.1 0.996134 0.000491114 0.000491114
40 50 -2.4 -2.1 0.998278 0.000271119 0.000271119
50 60 -2.4 -2.1 0.99857 0.000551447 0.000551447
60 120 -2.4 -2.1 1.00152 0.000801812 0.000801812
20 25 -2.1 -1.2 0.991452 0.00119795 0.00119795
25 30 -2.1 -1.2 0.995857 0.000711197 0.000711197
30 40 -2.1 -1.2 0.997941 0.000270999 0.000270999
40 50 -2.1 -1.2 0.997999 8.97354e-05 8.97354e-05
50 60 -2.1 -1.2 0.998334 0.000241578 0.000241578
60 120 -2.1 -1.2 0.999208 0.000326247 0.000326247
20 25 -1.2 -0.9 0.995129 0.00254226 0.00254226
25 30 -1.2 -0.9 1.00045 0.00147056 0.00147056
30 40 -1.2 -0.9 0.999428 0.000499826 0.000499826
40 50 -1.2 -0.9 0.99768 0.000131047 0.000131047
50 60 -1.2 -0.9 0.99915 0.000430407 0.000430407
60 120 -1.2 -0.9 0.999127 0.000555699 0.000555699
20 25 -0.9 -0 0.984847 0.00160597 0.00160597
25 30 -0.9 -0 0.993321 0.000856433 0.000856433
30 40 -0.9 -0 0.99379 0.000277422 0.000277422
40 50 -0.9 -0 0.9953 0.000133547 0.000133547
50 60 -0.9 -0 0.996807 0.000261422 0.000261422
60 120 -0.9 -0 0.998774 0.000332558 0.000332558
20 25 0 0.9 0.984847 0.00160597 0.00160597
25 30 0 0.9 0.993321 0.000856433 0.000856433
30 40 0 0.9 0.99379 0.000277422 0.000277422
40 50 0 0.9 0.9953 0.000133547 0.000133547
50 60 0 0.9 0.996807 0.000261422 0.000261422
60 120 0 0.9 0.998774 0.000332558 0.000332558
20 25 0.9 1.2 0.995129 0.00254226 0.00254226
25 30 0.9 1.2 1.00045 0.00147056 0.00147056
30 40 0.9 1.2 0.999428 0.000499826 0.000499826
40 50 0.9 1.2 0.99768 0.000131047 0.000131047
50 60 0.9 1.2 0.99915 0.000430407 0.000430407
60 120 0.9 1.2 0.999127 0.000555699 0.000555699
20 25 1.2 2.1 0.991452 0.00119795 0.00119795
25 30 1.2 2.1 0.995857 0.000711197 0.000711197
30 40 1.2 2.1 0.997941 0.000270999 0.000270999
40 50 1.2 2.1 0.997999 8.97354e-05 8.97354e-05
50 60 1.2 2.1 0.998334 0.000241578 0.000241578
60 120 1.2 2.1 0.999208 0.000326247 0.000326247
20 25 2.1 2.4 0.9836 0.00207563 0.00207563
25 30 2.1 2.4 0.991704 0.00125149 0.00125149
30 40 2.1 2.4 0.996134 0.000491114 0.000491114
40 50 2.1 2.4 0.998278 0.000271119 0.000271119
50 60 2.1 2.4 0.99857 0.000551447 0.000551447
60 120 2.1 2.4 1.00152 0.000801812 0.000801812
