10 14000 0 0.2 0.996996 7.29397e-05 7.27173e-05
10 14000 0.2 0.4 0.997712 8.23041e-05 8.20494e-05
10 14000 0.4 0.6 0.998078 7.09722e-05 7.15882e-05
10 14000 0.6 0.8 0.997804 7.44737e-05 7.43509e-05
10 14000 0.8 1 0.997971 0.000107315 0.000106159
10 14000 1 1.2 0.997148 0.000185294 0.000186467
10 14000 1.2 1.4 0.996227 0.000180911 0.00018163
10 14000 1.4 1.6 0.995479 0.000170421 0.000170625
10 14000 1.6 1.8 0.995781 0.000175265 0.000176732
10 14000 1.8 2 0.993892 0.000235002 0.000234784
10 14000 2 2.2 0.992943 0.000326083 0.000330644
10 14000 2.2 2.4 0.987313 0.000852715 0.000859346
