20 25 -2.4 -2.1 0.996713 0.000459816 0.000459816
25 30 -2.4 -2.1 0.995815 0.000311494 0.000311494
30 40 -2.4 -2.1 0.997248 0.000128464 0.000128464
40 50 -2.4 -2.1 0.996166 0.000114556 0.000114556
50 60 -2.4 -2.1 0.998169 0.00035454 0.00035454
60 120 -2.4 -2.1 0.999921 0.000703423 0.000703423
20 25 -2.1 -1.2 0.999137 0.000252326 0.000252326
25 30 -2.1 -1.2 0.999368 0.000122453 0.000122453
30 40 -2.1 -1.2 0.999282 4.69813e-05 4.69813e-05
40 50 -2.1 -1.2 0.998143 4.39154e-05 4.39154e-05
50 60 -2.1 -1.2 0.999505 0.000105251 0.000105251
60 120 -2.1 -1.2 0.999135 0.000306098 0.000306098
20 25 -1.2 -0.9 0.998539 0.000451723 0.000451723
25 30 -1.2 -0.9 0.998061 0.000241582 0.000241582
30 40 -1.2 -0.9 0.998275 8.72975e-05 8.72975e-05
40 50 -1.2 -0.9 0.996788 7.44021e-05 7.44021e-05
50 60 -1.2 -0.9 0.998802 0.000150438 0.000150438
60 120 -1.2 -0.9 0.999308 0.000363951 0.000363951
20 25 -0.9 -0 0.998824 0.000272171 0.000272171
25 30 -0.9 -0 0.998618 0.000127225 0.000127225
30 40 -0.9 -0 0.998819 4.10877e-05 4.10877e-05
40 50 -0.9 -0 0.996754 4.56388e-05 4.56388e-05
50 60 -0.9 -0 0.998863 9.02003e-05 9.02003e-05
60 120 -0.9 -0 0.998979 0.000572351 0.000572351
20 25 0 0.9 0.998824 0.000272171 0.000272171
25 30 0 0.9 0.998618 0.000127225 0.000127225
30 40 0 0.9 0.998819 4.10877e-05 4.10877e-05
40 50 0 0.9 0.996754 4.56388e-05 4.56388e-05
50 60 0 0.9 0.998863 9.02003e-05 9.02003e-05
60 120 0 0.9 0.998979 0.000572351 0.000572351
20 25 0.9 1.2 0.998539 0.000451723 0.000451723
25 30 0.9 1.2 0.998061 0.000241582 0.000241582
30 40 0.9 1.2 0.998275 8.72975e-05 8.72975e-05
40 50 0.9 1.2 0.996788 7.44021e-05 7.44021e-05
50 60 0.9 1.2 0.998802 0.000150438 0.000150438
60 120 0.9 1.2 0.999308 0.000363951 0.000363951
20 25 1.2 2.1 0.999137 0.000252326 0.000252326
25 30 1.2 2.1 0.999368 0.000122453 0.000122453
30 40 1.2 2.1 0.999282 4.69813e-05 4.69813e-05
40 50 1.2 2.1 0.998143 4.39154e-05 4.39154e-05
50 60 1.2 2.1 0.999505 0.000105251 0.000105251
60 120 1.2 2.1 0.999135 0.000306098 0.000306098
20 25 2.1 2.4 0.996713 0.000459816 0.000459816
25 30 2.1 2.4 0.995815 0.000311494 0.000311494
30 40 2.1 2.4 0.997248 0.000128464 0.000128464
40 50 2.1 2.4 0.996166 0.000114556 0.000114556
50 60 2.1 2.4 0.998169 0.00035454 0.00035454
60 120 2.1 2.4 0.999921 0.000703423 0.000703423
