10 20 -2.5 -2 0.305 0 0
20 35 -2.5 -2 0.553 0 0
35 50 -2.5 -2 0.69 0 0
50 90 -2.5 -2 0.755 0 0
90 150 -2.5 -2 0.783 0 0
150 500 -2.5 -2 0.783 0 0
10 20 -2 -1.566 0.35 0 0
20 35 -2 -1.566 0.593 0 0
35 50 -2 -1.566 0.727 0 0
50 90 -2 -1.566 0.788 0 0
90 150 -2 -1.566 0.844 0 0
150 500 -2 -1.566 0.844 0 0
10 20 -1.566 -1.444 0.213 0 0
20 35 -1.566 -1.444 0.395 0 0
35 50 -1.566 -1.444 0.593 0 0
50 90 -1.566 -1.444 0.651 0 0
90 150 -1.566 -1.444 0.682 0 0
150 500 -1.566 -1.444 0.682 0 0
10 20 -1.444 -0.8 0.387 0 0
20 35 -1.444 -0.8 0.608 0 0
35 50 -1.444 -0.8 0.75 0 0
50 90 -1.444 -0.8 0.812 0 0
90 150 -1.444 -0.8 0.856 0 0
150 500 -1.444 -0.8 0.856 0 0
10 20 -0.8 0 0.388 0 0
20 35 -0.8 0 0.617 0 0
35 50 -0.8 0 0.752 0 0
50 90 -0.8 0 0.81 0 0
90 150 -0.8 0 0.857 0 0
150 500 -0.8 0 0.857 0 0
10 20 0 0.8 0.388 0 0
20 35 0 0.8 0.611 0 0
35 50 0 0.8 0.743 0 0
50 90 0 0.8 0.801 0 0
90 150 0 0.8 0.841 0 0
150 500 0 0.8 0.841 0 0
10 20 0.8 1.444 0.391 0 0
20 35 0.8 1.444 0.605 0 0
35 50 0.8 1.444 0.749 0 0
50 90 0.8 1.444 0.807 0 0
90 150 0.8 1.444 0.839 0 0
150 500 0.8 1.444 0.839 0 0
10 20 1.444 1.566 0.206 0 0
20 35 1.444 1.566 0.398 0 0
35 50 1.444 1.566 0.595 0 0
50 90 1.444 1.566 0.647 0 0
90 150 1.444 1.566 0.698 0 0
150 500 1.444 1.566 0.698 0 0
10 20 1.566 2 0.342 0 0
20 35 1.566 2 0.593 0 0
35 50 1.566 2 0.735 0 0
50 90 1.566 2 0.795 0 0
90 150 1.566 2 0.852 0 0
150 500 1.566 2 0.852 0 0
10 20 2 2.5 0.335 0 0
20 35 2 2.5 0.578 0 0
35 50 2 2.5 0.705 0 0
50 90 2 2.5 0.77 0 0
90 150 2 2.5 0.796 0 0
150 500 2 2.5 0.796 0 0
