1 20 -2.5 -2.45 1.3176 0.0208003 0.0208003
20 80 -2.5 -2.45 1.3176 0.0182387 0.0182387
80 500 -2.5 -2.45 1.3176 0.0208003 0.0208003
1 20 -2.45 -2.4 1.11378 0.0149155 0.0149155
20 80 -2.45 -2.4 1.11378 0.0110667 0.0110667
80 500 -2.45 -2.4 1.11378 0.0149155 0.0149155
1 20 -2.4 -2.3 1.02463 0.0129058 0.0129058
20 80 -2.4 -2.3 1.02463 0.00815835 0.00815835
80 500 -2.4 -2.3 1.02463 0.0129058 0.0129058
1 20 -2.3 -2.2 1.01364 0.0122836 0.0122836
20 80 -2.3 -2.2 1.01364 0.00713343 0.00713343
80 500 -2.3 -2.2 1.01364 0.0122836 0.0122836
1 20 -2.2 -2 1.00728 0.0108473 0.0108473
20 80 -2.2 -2 1.00728 0.00420281 0.00420281
80 500 -2.2 -2 1.00728 0.0108473 0.0108473
1 20 -2 -1.8 0.994819 0.0119229 0.0119229
20 80 -2 -1.8 0.994819 0.00649267 0.00649267
80 500 -2 -1.8 0.994819 0.0119229 0.0119229
1 20 -1.8 -1.63 0.994786 0.0112556 0.0112556
20 80 -1.8 -1.63 0.994786 0.00516608 0.00516608
80 500 -1.8 -1.63 0.994786 0.0112556 0.0112556
1 20 -1.63 -1.566 0.991632 0.0114185 0.0114185
20 80 -1.63 -1.566 0.991632 0.00551198 0.00551198
80 500 -1.63 -1.566 0.991632 0.0114185 0.0114185
1 20 -1.566 -1.444 0.963129 0.0278849 0.0278849
20 80 -1.566 -1.444 0.963129 0.0260302 0.0260302
80 500 -1.566 -1.444 0.963129 0.0278849 0.0278849
1 20 -1.444 -1.2 0.989701 0.0106279 0.0106279
20 80 -1.444 -1.2 0.989701 0.00359897 0.00359897
80 500 -1.444 -1.2 0.989701 0.0106279 0.0106279
1 20 -1.2 -1 0.985656 0.011209 0.011209
20 80 -1.2 -1 0.985656 0.00506368 0.00506368
80 500 -1.2 -1 0.985656 0.011209 0.011209
1 20 -1 -0.6 0.981595 0.0105341 0.0105341
20 80 -1 -0.6 0.981595 0.00331157 0.00331157
80 500 -1 -0.6 0.981595 0.0105341 0.0105341
1 20 -0.6 -0.4 0.984678 0.0117286 0.0117286
20 80 -0.6 -0.4 0.984678 0.0061287 0.0061287
80 500 -0.6 -0.4 0.984678 0.0117286 0.0117286
1 20 -0.4 -0.2 0.981614 0.0118503 0.0118503
20 80 -0.4 -0.2 0.981614 0.00635848 0.00635848
80 500 -0.4 -0.2 0.981614 0.0118503 0.0118503
1 20 -0.2 0 0.980433 0.0113184 0.0113184
20 80 -0.2 0 0.980433 0.00530156 0.00530156
80 500 -0.2 0 0.980433 0.0113184 0.0113184
1 20 0 0.2 0.984552 0.0113184 0.0113184
20 80 0 0.2 0.984552 0.00530156 0.00530156
80 500 0 0.2 0.984552 0.0113184 0.0113184
1 20 0.2 0.4 0.988764 0.0118503 0.0118503
20 80 0.2 0.4 0.988764 0.00635848 0.00635848
80 500 0.2 0.4 0.988764 0.0118503 0.0118503
1 20 0.4 0.6 0.987743 0.0117286 0.0117286
20 80 0.4 0.6 0.987743 0.0061287 0.0061287
80 500 0.4 0.6 0.987743 0.0117286 0.0117286
1 20 0.6 1 0.987743 0.0105341 0.0105341
20 80 0.6 1 0.987743 0.00331157 0.00331157
80 500 0.6 1 0.987743 0.0105341 0.0105341
1 20 1 1.2 0.987743 0.011209 0.011209
20 80 1 1.2 0.987743 0.00506368 0.00506368
80 500 1 1.2 0.987743 0.011209 0.011209
1 20 1.2 1.444 0.98768 0.0106279 0.0106279
20 80 1.2 1.444 0.98768 0.00359897 0.00359897
80 500 1.2 1.444 0.98768 0.0106279 0.0106279
1 20 1.444 1.566 0.967598 0.0278849 0.0278849
20 80 1.444 1.566 0.967598 0.0260302 0.0260302
80 500 1.444 1.566 0.967598 0.0278849 0.0278849
1 20 1.566 1.63 0.989627 0.0114185 0.0114185
20 80 1.566 1.63 0.989627 0.00551198 0.00551198
80 500 1.566 1.63 0.989627 0.0114185 0.0114185
1 20 1.63 1.8 0.992761 0.0112556 0.0112556
20 80 1.63 1.8 0.992761 0.00516608 0.00516608
80 500 1.63 1.8 0.992761 0.0112556 0.0112556
1 20 1.8 2 0.991761 0.0119229 0.0119229
20 80 1.8 2 0.991761 0.00649267 0.00649267
80 500 1.8 2 0.991761 0.0119229 0.0119229
1 20 2 2.2 0.99794 0.0108473 0.0108473
20 80 2 2.2 0.99794 0.00420281 0.00420281
80 500 2 2.2 0.99794 0.0108473 0.0108473
1 20 2.2 2.3 1.00104 0.0122836 0.0122836
20 80 2.2 2.3 1.00104 0.00713343 0.00713343
80 500 2.2 2.3 1.00104 0.0122836 0.0122836
1 20 2.3 2.4 0.989507 0.0129058 0.0129058
20 80 2.3 2.4 0.989507 0.00815835 0.00815835
80 500 2.3 2.4 0.989507 0.0129058 0.0129058
1 20 2.4 2.45 0.970519 0.0149155 0.0149155
20 80 2.4 2.45 0.970519 0.0110667 0.0110667
80 500 2.4 2.45 0.970519 0.0149155 0.0149155
1 20 2.45 2.5 0.906667 0.0208003 0.0208003
20 80 2.45 2.5 0.906667 0.0182387 0.0182387
80 500 2.45 2.5 0.906667 0.0208003 0.0208003
