20 25 -2.4 -2.1 0.897017 0.00118682 0.00118682
25 30 -2.4 -2.1 0.935448 0.00069861 0.00069861
30 40 -2.4 -2.1 0.966614 0.000283577 0.000283577
40 50 -2.4 -2.1 0.98573 0.000190746 0.000190746
50 60 -2.4 -2.1 0.991463 0.000336246 0.000336246
60 120 -2.4 -2.1 0.994615 0.000461799 0.000461799
20 25 -2.1 -1.2 0.892229 0.000637627 0.000637627
25 30 -2.1 -1.2 0.929356 0.00038469 0.00038469
30 40 -2.1 -1.2 0.962253 0.000148541 0.000148541
40 50 -2.1 -1.2 0.984327 1.81455e-06 1.81455e-06
50 60 -2.1 -1.2 0.990358 0.000144002 0.000144002
60 120 -2.1 -1.2 0.993292 0.000187034 0.000187034
20 25 -1.2 -0.9 0.855416 0.00131043 0.00131043
25 30 -1.2 -0.9 0.90235 0.000757842 0.000757842
30 40 -1.2 -0.9 0.94756 0.000270981 0.000270981
40 50 -1.2 -0.9 0.977214 1.55595e-06 1.55595e-06
50 60 -1.2 -0.9 0.98677 0.000246065 0.000246065
60 120 -1.2 -0.9 0.991207 0.000309041 0.000309041
20 25 -0.9 -0 0.828558 0.000836988 0.000836988
25 30 -0.9 -0 0.881488 0.00045244 0.00045244
30 40 -0.9 -0 0.935442 0.000151468 0.000151468
40 50 -0.9 -0 0.969389 8.71796e-05 8.71796e-05
50 60 -0.9 -0 0.98145 0.000149834 0.000149834
60 120 -0.9 -0 0.988086 0.000181978 0.000181978
20 25 0 0.9 0.828558 0.000836988 0.000836988
25 30 0 0.9 0.881488 0.00045244 0.00045244
30 40 0 0.9 0.935442 0.000151468 0.000151468
40 50 0 0.9 0.969389 8.71796e-05 8.71796e-05
50 60 0 0.9 0.98145 0.000149834 0.000149834
60 120 0 0.9 0.988086 0.000181978 0.000181978
20 25 0.9 1.2 0.855416 0.00131043 0.00131043
25 30 0.9 1.2 0.90235 0.000757842 0.000757842
30 40 0.9 1.2 0.94756 0.000270981 0.000270981
40 50 0.9 1.2 0.977214 1.55595e-06 1.55595e-06
50 60 0.9 1.2 0.98677 0.000246065 0.000246065
60 120 0.9 1.2 0.991207 0.000309041 0.000309041
20 25 1.2 2.1 0.892229 0.000637627 0.000637627
25 30 1.2 2.1 0.929356 0.00038469 0.00038469
30 40 1.2 2.1 0.962253 0.000148541 0.000148541
40 50 1.2 2.1 0.984327 1.81455e-06 1.81455e-06
50 60 1.2 2.1 0.990358 0.000144002 0.000144002
60 120 1.2 2.1 0.993292 0.000187034 0.000187034
20 25 2.1 2.4 0.897017 0.00118682 0.00118682
25 30 2.1 2.4 0.935448 0.00069861 0.00069861
30 40 2.1 2.4 0.966614 0.000283577 0.000283577
40 50 2.1 2.4 0.98573 0.000190746 0.000190746
50 60 2.1 2.4 0.991463 0.000336246 0.000336246
60 120 2.1 2.4 0.994615 0.000461799 0.000461799
