20 25 -2.4 -2.1 0.963519 0.00511207 0.00511207
25 30 -2.4 -2.1 0.977847 0.00503785 0.00503785
30 40 -2.4 -2.1 0.990766 0.00500577 0.00500577
40 50 -2.4 -2.1 0.996862 0.00500161 0.00500161
50 60 -2.4 -2.1 0.997871 0.00500586 0.00500586
60 120 -2.4 -2.1 0.997575 0.00501794 0.00501794
20 25 -2.1 -1.2 0.955213 0.00503698 0.00503698
25 30 -2.1 -1.2 0.972107 0.00501267 0.00501267
30 40 -2.1 -1.2 0.987639 0.00500187 0.00500187
40 50 -2.1 -1.2 0.996796 0.005 0.005
50 60 -2.1 -1.2 0.997593 0.00500115 0.00500115
60 120 -2.1 -1.2 0.997731 0.00500274 0.00500274
20 25 -1.2 -0.9 0.936145 0.00514577 0.00514577
25 30 -1.2 -0.9 0.958486 0.0050541 0.0050541
30 40 -1.2 -0.9 0.982434 0.0050059 0.0050059
40 50 -1.2 -0.9 0.995372 0.0050006 0.0050006
50 60 -1.2 -0.9 0.996443 0.00500365 0.00500365
60 120 -1.2 -0.9 0.996728 0.00500807 0.00500807
20 25 -0.9 -0 0.921811 0.00506126 0.00506126
25 30 -0.9 -0 0.949948 0.00501751 0.00501751
30 40 -0.9 -0 0.980273 0.00500172 0.00500172
40 50 -0.9 -0 0.99401 0.00500015 0.00500015
50 60 -0.9 -0 0.996091 0.00500118 0.00500118
60 120 -0.9 -0 0.99638 0.00500261 0.00500261
20 25 0 0.9 0.921811 0.00506126 0.00506126
25 30 0 0.9 0.949948 0.00501751 0.00501751
30 40 0 0.9 0.980273 0.00500172 0.00500172
40 50 0 0.9 0.99401 0.00500015 0.00500015
50 60 0 0.9 0.996091 0.00500118 0.00500118
60 120 0 0.9 0.99638 0.00500261 0.00500261
20 25 0.9 1.2 0.936145 0.00514577 0.00514577
25 30 0.9 1.2 0.958486 0.0050541 0.0050541
30 40 0.9 1.2 0.982434 0.0050059 0.0050059
40 50 0.9 1.2 0.995372 0.0050006 0.0050006
50 60 0.9 1.2 0.996443 0.00500365 0.00500365
60 120 0.9 1.2 0.996728 0.00500807 0.00500807
20 25 1.2 2.1 0.955213 0.00503698 0.00503698
25 30 1.2 2.1 0.972107 0.00501267 0.00501267
30 40 1.2 2.1 0.987639 0.00500187 0.00500187
40 50 1.2 2.1 0.996796 0.005 0.005
50 60 1.2 2.1 0.997593 0.00500115 0.00500115
60 120 1.2 2.1 0.997731 0.00500274 0.00500274
20 25 2.1 2.4 0.963519 0.00511207 0.00511207
25 30 2.1 2.4 0.977847 0.00503785 0.00503785
30 40 2.1 2.4 0.990766 0.00500577 0.00500577
40 50 2.1 2.4 0.996862 0.00500161 0.00500161
50 60 2.1 2.4 0.997871 0.00500586 0.00500586
60 120 2.1 2.4 0.997575 0.00501794 0.00501794
