1 20 -2.5 -2.45 0.551 0 0
20 80 -2.5 -2.45 0.551 0 0
80 500 -2.5 -2.45 0.551 0 0
1 20 -2.45 -2.4 0.791 0 0
20 80 -2.45 -2.4 0.791 0 0
80 500 -2.45 -2.4 0.791 0 0
1 20 -2.4 -2.3 0.934 0 0
20 80 -2.4 -2.3 0.934 0 0
80 500 -2.4 -2.3 0.934 0 0
1 20 -2.3 -2.2 0.953 0 0
20 80 -2.3 -2.2 0.953 0 0
80 500 -2.3 -2.2 0.953 0 0
1 20 -2.2 -2 0.962 0 0
20 80 -2.2 -2 0.962 0 0
80 500 -2.2 -2 0.962 0 0
1 20 -2 -1.8 0.965 0 0
20 80 -2 -1.8 0.965 0 0
80 500 -2 -1.8 0.965 0 0
1 20 -1.8 -1.63 0.959 0 0
20 80 -1.8 -1.63 0.959 0 0
80 500 -1.8 -1.63 0.959 0 0
1 20 -1.63 -1.566 0.956 0 0
20 80 -1.63 -1.566 0.956 0 0
80 500 -1.63 -1.566 0.956 0 0
1 20 -1.566 -1.444 0.895 0 0
20 80 -1.566 -1.444 0.895 0 0
80 500 -1.566 -1.444 0.895 0 0
1 20 -1.444 -1.2 0.971 0 0
20 80 -1.444 -1.2 0.971 0 0
80 500 -1.444 -1.2 0.971 0 0
1 20 -1.2 -1 0.976 0 0
20 80 -1.2 -1 0.976 0 0
80 500 -1.2 -1 0.976 0 0
1 20 -1 -0.6 0.978 0 0
20 80 -1 -0.6 0.978 0 0
80 500 -1 -0.6 0.978 0 0
1 20 -0.6 -0.4 0.979 0 0
20 80 -0.6 -0.4 0.979 0 0
80 500 -0.6 -0.4 0.979 0 0
1 20 -0.4 -0.2 0.979 0 0
20 80 -0.4 -0.2 0.979 0 0
80 500 -0.4 -0.2 0.979 0 0
1 20 -0.2 0 0.971 0 0
20 80 -0.2 0 0.971 0 0
80 500 -0.2 0 0.971 0 0
1 20 0 0.2 0.971 0 0
20 80 0 0.2 0.971 0 0
80 500 0 0.2 0.971 0 0
1 20 0.2 0.4 0.979 0 0
20 80 0.2 0.4 0.979 0 0
80 500 0.2 0.4 0.979 0 0
1 20 0.4 0.6 0.979 0 0
20 80 0.4 0.6 0.979 0 0
80 500 0.4 0.6 0.979 0 0
1 20 0.6 1 0.979 0 0
20 80 0.6 1 0.979 0 0
80 500 0.6 1 0.979 0 0
1 20 1 1.2 0.979 0 0
20 80 1 1.2 0.979 0 0
80 500 1 1.2 0.979 0 0
1 20 1.2 1.444 0.974 0 0
20 80 1.2 1.444 0.974 0 0
80 500 1.2 1.444 0.974 0 0
1 20 1.444 1.566 0.895 0 0
20 80 1.444 1.566 0.895 0 0
80 500 1.444 1.566 0.895 0 0
1 20 1.566 1.63 0.964 0 0
20 80 1.566 1.63 0.964 0 0
80 500 1.566 1.63 0.964 0 0
1 20 1.63 1.8 0.967 0 0
20 80 1.63 1.8 0.967 0 0
80 500 1.63 1.8 0.967 0 0
1 20 1.8 2 0.971 0 0
20 80 1.8 2 0.971 0 0
80 500 1.8 2 0.971 0 0
1 20 2 2.2 0.971 0 0
20 80 2 2.2 0.971 0 0
80 500 2 2.2 0.971 0 0
1 20 2.2 2.3 0.964 0 0
20 80 2.2 2.3 0.964 0 0
80 500 2.2 2.3 0.964 0 0
1 20 2.3 2.4 0.953 0 0
20 80 2.3 2.4 0.953 0 0
80 500 2.3 2.4 0.953 0 0
1 20 2.4 2.45 0.848 0 0
20 80 2.4 2.45 0.848 0 0
80 500 2.4 2.45 0.848 0 0
1 20 2.45 2.5 0.675 0 0
20 80 2.45 2.5 0.675 0 0
80 500 2.45 2.5 0.675 0 0
