10 20 -2.5 -2 0.684 0.00578473 0.00578473
20 35 -2.5 -2 0.831 0.00571093 0.00571093
35 50 -2.5 -2 0.901 0.00366611 0.00366611
50 90 -2.5 -2 0.914 0.00488826 0.00488826
90 150 -2.5 -2 0.935 0.0241457 0.0241457
150 500 -2.5 -2 0.935 0.0241457 0.0241457
10 20 -2 -1.566 0.751 0.0185288 0.0185288
20 35 -2 -1.566 0.87 0.0139141 0.0139141
35 50 -2 -1.566 0.925 0.00299513 0.00299513
50 90 -2 -1.566 0.938 0.0033523 0.0033523
90 150 -2 -1.566 0.941 0.00780682 0.00780682
150 500 -2 -1.566 0.941 0.00780682 0.00780682
10 20 -1.566 -1.444 0.548 0.100608 0.100608
20 35 -1.566 -1.444 0.7 0.122279 0.122279
35 50 -1.566 -1.444 0.869 0.00464505 0.00464505
50 90 -1.566 -1.444 0.883 0.00460719 0.00460719
90 150 -1.566 -1.444 0.956 0.0264302 0.0264302
150 500 -1.566 -1.444 0.956 0.0264302 0.0264302
10 20 -1.444 -0.8 0.78 0.0082583 0.0082583
20 35 -1.444 -0.8 0.882 0.0198761 0.0198761
35 50 -1.444 -0.8 0.94 0.00234274 0.00234274
50 90 -1.444 -0.8 0.951 0.00254685 0.00254685
90 150 -1.444 -0.8 0.958 0.00768932 0.00768932
150 500 -1.444 -0.8 0.958 0.00768932 0.00768932
10 20 -0.8 0 0.725 0.0174873 0.0174873
20 35 -0.8 0 0.885 0.0113874 0.0113874
35 50 -0.8 0 0.945 0.00264299 0.00264299
50 90 -0.8 0 0.949 0.0028693 0.0028693
90 150 -0.8 0 0.958 0.00738809 0.00738809
150 500 -0.8 0 0.958 0.00738809 0.00738809
10 20 0 0.8 0.732 0.0177914 0.0177914
20 35 0 0.8 0.89 0.011438 0.011438
35 50 0 0.8 0.948 0.00264851 0.00264851
50 90 0 0.8 0.951 0.00287526 0.00287526
90 150 0 0.8 0.965 0.00732964 0.00732964
150 500 0 0.8 0.965 0.00732964 0.00732964
10 20 0.8 1.444 0.773 0.00827196 0.00827196
20 35 0.8 1.444 0.886 0.0198982 0.0198982
35 50 0.8 1.444 0.942 0.00234767 0.00234767
50 90 0.8 1.444 0.952 0.00255217 0.00255217
90 150 0.8 1.444 0.96 0.00770549 0.00770549
150 500 0.8 1.444 0.96 0.00770549 0.00770549
10 20 1.444 1.566 0.561 0.104084 0.104084
20 35 1.444 1.566 0.708 0.122452 0.122452
35 50 1.444 1.566 0.866 0.00468233 0.00468233
50 90 1.444 1.566 0.88 0.00461236 0.00461236
90 150 1.444 1.566 0.938 0.0263296 0.0263296
150 500 1.444 1.566 0.938 0.0263296 0.0263296
10 20 1.566 2 0.732 0.0183358 0.0183358
20 35 1.566 2 0.858 0.0138347 0.0138347
35 50 1.566 2 0.924 0.00300487 0.00300487
50 90 1.566 2 0.938 0.0033559 0.0033559
90 150 1.566 2 0.934 0.00778164 0.00778164
150 500 1.566 2 0.934 0.00778164 0.00778164
10 20 2 2.5 0.705 0.00568451 0.00568451
20 35 2 2.5 0.831 0.0057782 0.0057782
35 50 2 2.5 0.897 0.00368236 0.00368236
50 90 2 2.5 0.915 0.0049097 0.0049097
90 150 2 2.5 0.924 0.0240166 0.0240166
150 500 2 2.5 0.924 0.0240166 0.0240166
