10 20 -2.5 -2 0.938272 0.00793516 0.00793516
20 35 -2.5 -2 0.978799 0.00672665 0.00672665
35 50 -2.5 -2 0.998891 0.00406442 0.00406442
50 90 -2.5 -2 1.00219 0.00535993 0.00535993
90 150 -2.5 -2 1.02186 0.0263887 0.0263887
150 500 -2.5 -2 1.02186 0.0270719 0.0270719
10 20 -2 -1.566 0.977865 0.0241261 0.0241261
20 35 -2 -1.566 0.993151 0.0158837 0.0158837
35 50 -2 -1.566 1.00325 0.00324851 0.00324851
50 90 -2 -1.566 1.00644 0.00359689 0.00359689
90 150 -2 -1.566 1.01183 0.00839443 0.00839443
150 500 -2 -1.566 1.01183 0.0103435 0.0103435
10 20 -1.566 -1.444 1.05182 0.193106 0.193106
20 35 -1.566 -1.444 0.990099 0.172954 0.172954
35 50 -1.566 -1.444 0.99656 0.00532689 0.00532689
50 90 -1.566 -1.444 0.991021 0.0051708 0.0051708
90 150 -1.566 -1.444 1.03575 0.0286351 0.0286351
150 500 -1.566 -1.444 1.03575 0.0292659 0.0292659
10 20 -1.444 -0.8 1.00257 0.0106148 0.0106148
20 35 -1.444 -0.8 0.982183 0.0221338 0.0221338
35 50 -1.444 -0.8 0.989474 0.00246604 0.00246604
50 90 -1.444 -0.8 0.991658 0.00265574 0.00265574
90 150 -1.444 -0.8 1.00736 0.00808551 0.00808551
150 500 -1.444 -0.8 1.00736 0.0100944 0.0100944
10 20 -0.8 0 0.983718 0.0237277 0.0237277
20 35 -0.8 0 0.982242 0.0126387 0.0126387
35 50 -0.8 0 0.987461 0.00276174 0.00276174
50 90 -0.8 0 0.985462 0.00297954 0.00297954
90 150 -0.8 0 1.00209 0.00772813 0.00772813
150 500 -0.8 0 1.00209 0.00981048 0.00981048
10 20 0 0.8 0.973404 0.0236587 0.0236587
20 35 0 0.8 0.983425 0.0126387 0.0126387
35 50 0 0.8 0.98853 0.00276174 0.00276174
50 90 0 0.8 0.985492 0.00297954 0.00297954
90 150 0 0.8 1.00521 0.00763504 0.00763504
150 500 0 0.8 1.00521 0.00973733 0.00973733
10 20 0.8 1.444 0.991026 0.0106051 0.0106051
20 35 0.8 1.444 0.985539 0.0221338 0.0221338
35 50 0.8 1.444 0.989496 0.00246604 0.00246604
50 90 0.8 1.444 0.990635 0.00265574 0.00265574
90 150 0.8 1.444 1.00735 0.00808551 0.00808551
150 500 0.8 1.444 1.00735 0.0100944 0.0100944
10 20 1.444 1.566 1.04082 0.193106 0.193106
20 35 1.444 1.566 1 0.172954 0.172954
35 50 1.444 1.566 0.98521 0.00532689 0.00532689
50 90 1.444 1.566 0.986547 0.0051708 0.0051708
90 150 1.444 1.566 1.01515 0.0284953 0.0284953
150 500 1.444 1.566 1.01515 0.0291291 0.0291291
10 20 1.566 2 0.963158 0.0241261 0.0241261
20 35 1.566 2 0.985075 0.0158837 0.0158837
35 50 1.566 2 0.998919 0.00324851 0.00324851
50 90 1.566 2 1.00536 0.00359689 0.00359689
90 150 1.566 2 1.00755 0.00839443 0.00839443
150 500 1.566 2 1.00755 0.0103435 0.0103435
10 20 2 2.5 0.950135 0.00766107 0.00766107
20 35 2 2.5 0.967404 0.00672665 0.00672665
35 50 2 2.5 0.990066 0.00406442 0.00406442
50 90 2 2.5 0.998908 0.00535993 0.00535993
90 150 2 2.5 1.01762 0.0264499 0.0264499
150 500 2 2.5 1.01762 0.0271316 0.0271316
