20 25 -2.4 -2.1 0.997756 0.00155736 0.00155736
25 30 -2.4 -2.1 0.992455 0.000838542 0.000838542
30 40 -2.4 -2.1 0.99154 0.00388916 0.00388916
40 50 -2.4 -2.1 0.992138 0.00110753 0.00110753
50 60 -2.4 -2.1 0.992011 0.00136918 0.00136918
60 120 -2.4 -2.1 0.994203 0.00347347 0.00347347
20 25 -2.1 -1.2 0.999736 0.00111544 0.00111544
25 30 -2.1 -1.2 0.999055 0.000513976 0.000513976
30 40 -2.1 -1.2 0.999574 0.000123988 0.000123988
40 50 -2.1 -1.2 0.998791 0.000141619 0.000141619
50 60 -2.1 -1.2 0.995619 0.000564667 0.000564667
60 120 -2.1 -1.2 0.998991 0.00138704 0.00138704
20 25 -1.2 -0.9 0.999499 0.00180077 0.00180077
25 30 -1.2 -0.9 0.996071 0.000943062 0.000943062
30 40 -1.2 -0.9 0.996567 0.000586352 0.000586352
40 50 -1.2 -0.9 0.995419 0.000170448 0.000170448
50 60 -1.2 -0.9 0.994315 0.000701428 0.000701428
60 120 -1.2 -0.9 0.996458 0.001523 0.001523
20 25 -0.9 -0 0.998743 0.00151959 0.00151959
25 30 -0.9 -0 0.997192 0.000641508 0.000641508
30 40 -0.9 -0 0.998441 0.000156793 0.000156793
40 50 -0.9 -0 0.997505 8.3413e-05 8.3413e-05
50 60 -0.9 -0 0.995325 0.000453819 0.000453819
60 120 -0.9 -0 1 0.00019085 0.00019085
20 25 0 0.9 0.998743 0.00151959 0.00151959
25 30 0 0.9 0.997192 0.000641508 0.000641508
30 40 0 0.9 0.998441 0.000156793 0.000156793
40 50 0 0.9 0.997505 8.3413e-05 8.3413e-05
50 60 0 0.9 0.995325 0.000453819 0.000453819
60 120 0 0.9 1 0.00019085 0.00019085
20 25 0.9 1.2 0.999499 0.00180077 0.00180077
25 30 0.9 1.2 0.996071 0.000943062 0.000943062
30 40 0.9 1.2 0.996567 0.000586352 0.000586352
40 50 0.9 1.2 0.995419 0.000170448 0.000170448
50 60 0.9 1.2 0.994315 0.000701428 0.000701428
60 120 0.9 1.2 0.996458 0.001523 0.001523
20 25 1.2 2.1 0.999736 0.00111544 0.00111544
25 30 1.2 2.1 0.999055 0.000513976 0.000513976
30 40 1.2 2.1 0.999574 0.000123988 0.000123988
40 50 1.2 2.1 0.998791 0.000141619 0.000141619
50 60 1.2 2.1 0.995619 0.000564667 0.000564667
60 120 1.2 2.1 0.998991 0.00138704 0.00138704
20 25 2.1 2.4 0.997756 0.00155736 0.00155736
25 30 2.1 2.4 0.992455 0.000838542 0.000838542
30 40 2.1 2.4 0.99154 0.00388916 0.00388916
40 50 2.1 2.4 0.992138 0.00110753 0.00110753
50 60 2.1 2.4 0.992011 0.00136918 0.00136918
60 120 2.1 2.4 0.994203 0.00347347 0.00347347
