20 25 -2.4 -2.1 1.00104 0.010132 0.010132
25 30 -2.4 -2.1 0.996624 0.0100402 0.0100402
30 40 -2.4 -2.1 0.994275 0.0107318 0.0107318
40 50 -2.4 -2.1 0.995957 0.0100624 0.0100624
50 60 -2.4 -2.1 0.993833 0.0100998 0.0100998
60 120 -2.4 -2.1 0.99428 0.0106095 0.0106095
20 25 -2.1 -1.2 1.0006 0.0100653 0.0100653
25 30 -2.1 -1.2 0.999685 0.010014 0.010014
30 40 -2.1 -1.2 1.00029 0.0100009 0.0100009
40 50 -2.1 -1.2 1.00065 0.0100011 0.0100011
50 60 -2.1 -1.2 0.996113 0.0100165 0.0100165
60 120 -2.1 -1.2 0.999857 0.0101005 0.0101005
20 25 -1.2 -0.9 1.00096 0.0101718 0.0101718
25 30 -1.2 -0.9 0.998 0.0100475 0.0100475
30 40 -1.2 -0.9 0.998286 0.0100177 0.0100177
40 50 -1.2 -0.9 0.998623 0.0100017 0.0100017
50 60 -1.2 -0.9 0.995506 0.0100258 0.0100258
60 120 -1.2 -0.9 0.997142 0.0101222 0.0101222
20 25 -0.9 -0 0.999917 0.010119 0.010119
25 30 -0.9 -0 0.998572 0.0100214 0.0100214
30 40 -0.9 -0 0.999622 0.0100013 0.0100013
40 50 -0.9 -0 1.00075 0.0100005 0.0100005
50 60 -0.9 -0 0.996458 0.0100107 0.0100107
60 120 -0.9 -0 1.00102 0.0100183 0.0100183
20 25 0 0.9 0.999917 0.010119 0.010119
25 30 0 0.9 0.998572 0.0100214 0.0100214
30 40 0 0.9 0.999622 0.0100013 0.0100013
40 50 0 0.9 1.00075 0.0100005 0.0100005
50 60 0 0.9 0.996458 0.0100107 0.0100107
60 120 0 0.9 1.00102 0.0100183 0.0100183
20 25 0.9 1.2 1.00096 0.0101718 0.0101718
25 30 0.9 1.2 0.998 0.0100475 0.0100475
30 40 0.9 1.2 0.998286 0.0100177 0.0100177
40 50 0.9 1.2 0.998623 0.0100017 0.0100017
50 60 0.9 1.2 0.995506 0.0100258 0.0100258
60 120 0.9 1.2 0.997142 0.0101222 0.0101222
20 25 1.2 2.1 1.0006 0.0100653 0.0100653
25 30 1.2 2.1 0.999685 0.010014 0.010014
30 40 1.2 2.1 1.00029 0.0100009 0.0100009
40 50 1.2 2.1 1.00065 0.0100011 0.0100011
50 60 1.2 2.1 0.996113 0.0100165 0.0100165
60 120 1.2 2.1 0.999857 0.0101005 0.0101005
20 25 2.1 2.4 1.00104 0.010132 0.010132
25 30 2.1 2.4 0.996624 0.0100402 0.0100402
30 40 2.1 2.4 0.994275 0.0107318 0.0107318
40 50 2.1 2.4 0.995957 0.0100624 0.0100624
50 60 2.1 2.4 0.993833 0.0100998 0.0100998
60 120 2.1 2.4 0.99428 0.0106095 0.0106095
