20 25 -2.4 -2.1 0.975195 0.0100554 0.0100554
25 30 -2.4 -2.1 0.970055 0.0100304 0.0100304
30 40 -2.4 -2.1 0.973107 0.0100095 0.0100095
40 50 -2.4 -2.1 0.969033 0.0100052 0.0100052
50 60 -2.4 -2.1 0.973935 0.0100596 0.0100596
60 120 -2.4 -2.1 0.976973 0.0101566 0.0101566
20 25 -2.1 -1.2 0.987142 0.0100085 0.0100085
25 30 -2.1 -1.2 0.987171 0.0100034 0.0100034
30 40 -2.1 -1.2 0.988316 0.0100007 0.0100007
40 50 -2.1 -1.2 0.986185 0.0100006 0.0100006
50 60 -2.1 -1.2 0.98883 0.0100038 0.0100038
60 120 -2.1 -1.2 0.989024 0.0100108 0.0100108
20 25 -1.2 -0.9 0.976017 0.0100385 0.0100385
25 30 -1.2 -0.9 0.975321 0.0100161 0.0100161
30 40 -1.2 -0.9 0.9767 0.0100045 0.0100045
40 50 -1.2 -0.9 0.975971 0.010002 0.010002
50 60 -1.2 -0.9 0.977697 0.0100133 0.0100133
60 120 -1.2 -0.9 0.977263 0.010033 0.010033
20 25 -0.9 -0 0.967751 0.010017 0.010017
25 30 -0.9 -0 0.968662 0.0100059 0.0100059
30 40 -0.9 -0 0.969436 0.0100011 0.0100011
40 50 -0.9 -0 0.968214 0.010001 0.010001
50 60 -0.9 -0 0.970615 0.0100048 0.0100048
60 120 -0.9 -0 0.971042 0.0100117 0.0100117
20 25 0 0.9 0.967751 0.010017 0.010017
25 30 0 0.9 0.968662 0.0100059 0.0100059
30 40 0 0.9 0.969436 0.0100011 0.0100011
40 50 0 0.9 0.968214 0.010001 0.010001
50 60 0 0.9 0.970615 0.0100048 0.0100048
60 120 0 0.9 0.971042 0.0100117 0.0100117
20 25 0.9 1.2 0.976017 0.0100385 0.0100385
25 30 0.9 1.2 0.975321 0.0100161 0.0100161
30 40 0.9 1.2 0.9767 0.0100045 0.0100045
40 50 0.9 1.2 0.975971 0.010002 0.010002
50 60 0.9 1.2 0.977697 0.0100133 0.0100133
60 120 0.9 1.2 0.977263 0.010033 0.010033
20 25 1.2 2.1 0.987142 0.0100085 0.0100085
25 30 1.2 2.1 0.987171 0.0100034 0.0100034
30 40 1.2 2.1 0.988316 0.0100007 0.0100007
40 50 1.2 2.1 0.986185 0.0100006 0.0100006
50 60 1.2 2.1 0.98883 0.0100038 0.0100038
60 120 1.2 2.1 0.989024 0.0100108 0.0100108
20 25 2.1 2.4 0.975195 0.0100554 0.0100554
25 30 2.1 2.4 0.970055 0.0100304 0.0100304
30 40 2.1 2.4 0.973107 0.0100095 0.0100095
40 50 2.1 2.4 0.969033 0.0100052 0.0100052
50 60 2.1 2.4 0.973935 0.0100596 0.0100596
60 120 2.1 2.4 0.976973 0.0101566 0.0101566
