20 25 -2.4 -2.1 0.951008 0.00187018 0.00187018
25 30 -2.4 -2.1 0.944686 0.0225726 0.0225726
30 40 -2.4 -2.1 0.94338 0.00092189 0.00092189
40 50 -2.4 -2.1 0.942439 0.00326227 0.00326227
50 60 -2.4 -2.1 0.94251 0.00162957 0.00162957
60 120 -2.4 -2.1 0.940976 0.00362442 0.00362442
20 25 -2.1 -1.2 0.973547 0.00115982 0.00115982
25 30 -2.1 -1.2 0.973416 0.000563336 0.000563336
30 40 -2.1 -1.2 0.976257 0.00889141 0.00889141
40 50 -2.1 -1.2 0.976792 0.000159849 0.000159849
50 60 -2.1 -1.2 0.974438 0.000611881 0.000611881
60 120 -2.1 -1.2 0.977942 0.00145233 0.00145233
20 25 -1.2 -0.9 0.948825 0.00682965 0.00682965
25 30 -1.2 -0.9 0.94648 0.00123034 0.00123034
30 40 -1.2 -0.9 0.950694 0.00115531 0.00115531
40 50 -1.2 -0.9 0.951263 0.00027586 0.00027586
50 60 -1.2 -0.9 0.952698 0.000830217 0.000830217
60 120 -1.2 -0.9 0.952549 0.00183196 0.00183196
20 25 -0.9 -0 0.954406 0.00179095 0.00179095
25 30 -0.9 -0 0.95213 0.0196011 0.0196011
30 40 -0.9 -0 0.954238 0.000214956 0.000214956
40 50 -0.9 -0 0.954489 0.000146745 0.000146745
50 60 -0.9 -0 0.953 0.000509552 0.000509552
60 120 -0.9 -0 0.963452 0.00121798 0.00121798
20 25 0 0.9 0.954406 0.00179095 0.00179095
25 30 0 0.9 0.95213 0.0196011 0.0196011
30 40 0 0.9 0.954238 0.000214956 0.000214956
40 50 0 0.9 0.954489 0.000146745 0.000146745
50 60 0 0.9 0.953 0.000509552 0.000509552
60 120 0 0.9 0.963452 0.00121798 0.00121798
20 25 0.9 1.2 0.948825 0.00682965 0.00682965
25 30 0.9 1.2 0.94648 0.00123034 0.00123034
30 40 0.9 1.2 0.950694 0.00115531 0.00115531
40 50 0.9 1.2 0.951263 0.00027586 0.00027586
50 60 0.9 1.2 0.952698 0.000830217 0.000830217
60 120 0.9 1.2 0.952549 0.00183196 0.00183196
20 25 1.2 2.1 0.973547 0.00115982 0.00115982
25 30 1.2 2.1 0.973416 0.000563336 0.000563336
30 40 1.2 2.1 0.976257 0.00889141 0.00889141
40 50 1.2 2.1 0.976792 0.000159849 0.000159849
50 60 1.2 2.1 0.974438 0.000611881 0.000611881
60 120 1.2 2.1 0.977942 0.00145233 0.00145233
20 25 2.1 2.4 0.951008 0.00187018 0.00187018
25 30 2.1 2.4 0.944686 0.0225726 0.0225726
30 40 2.1 2.4 0.94338 0.00092189 0.00092189
40 50 2.1 2.4 0.942439 0.00326227 0.00326227
50 60 2.1 2.4 0.94251 0.00162957 0.00162957
60 120 2.1 2.4 0.940976 0.00362442 0.00362442
