20 25 -2.4 -2.1 0.911975 0.00521911 0.00521911
25 30 -2.4 -2.1 0.943258 0.00509083 0.00509083
30 40 -2.4 -2.1 0.970353 0.0050147 0.0050147
40 50 -2.4 -2.1 0.98742 0.00500338 0.00500338
50 60 -2.4 -2.1 0.992872 0.00501864 0.00501864
60 120 -2.4 -2.1 0.993103 0.00504152 0.00504152
20 25 -2.1 -1.2 0.899938 0.0050758 0.0050758
25 30 -2.1 -1.2 0.933233 0.00502923 0.00502923
30 40 -2.1 -1.2 0.964242 0.00500461 0.00500461
40 50 -2.1 -1.2 0.986297 0.00500075 0.00500075
50 60 -2.1 -1.2 0.992009 0.00500366 0.00500366
60 120 -2.1 -1.2 0.994081 0.00500699 0.00500699
20 25 -1.2 -0.9 0.859582 0.00529835 0.00529835
25 30 -1.2 -0.9 0.90192 0.00511637 0.00511637
30 40 -1.2 -0.9 0.94809 0.00501502 0.00501502
40 50 -1.2 -0.9 0.979473 0.00500176 0.00500176
50 60 -1.2 -0.9 0.987605 0.00501196 0.00501196
60 120 -1.2 -0.9 0.992068 0.00502072 0.00502072
20 25 -0.9 -0 0.841285 0.00511398 0.00511398
25 30 -0.9 -0 0.887383 0.00503747 0.00503747
30 40 -0.9 -0 0.94126 0.00500456 0.00500456
40 50 -0.9 -0 0.973949 0.0050009 0.0050009
50 60 -0.9 -0 0.984581 0.00500438 0.00500438
60 120 -0.9 -0 0.989295 0.00500748 0.00500748
20 25 0 0.9 0.841285 0.00511398 0.00511398
25 30 0 0.9 0.887383 0.00503747 0.00503747
30 40 0 0.9 0.94126 0.00500456 0.00500456
40 50 0 0.9 0.973949 0.0050009 0.0050009
50 60 0 0.9 0.984581 0.00500438 0.00500438
60 120 0 0.9 0.989295 0.00500748 0.00500748
20 25 0.9 1.2 0.859582 0.00529835 0.00529835
25 30 0.9 1.2 0.90192 0.00511637 0.00511637
30 40 0.9 1.2 0.94809 0.00501502 0.00501502
40 50 0.9 1.2 0.979473 0.00500176 0.00500176
50 60 0.9 1.2 0.987605 0.00501196 0.00501196
60 120 0.9 1.2 0.992068 0.00502072 0.00502072
20 25 1.2 2.1 0.899938 0.0050758 0.0050758
25 30 1.2 2.1 0.933233 0.00502923 0.00502923
30 40 1.2 2.1 0.964242 0.00500461 0.00500461
40 50 1.2 2.1 0.986297 0.00500075 0.00500075
50 60 1.2 2.1 0.992009 0.00500366 0.00500366
60 120 1.2 2.1 0.994081 0.00500699 0.00500699
20 25 2.1 2.4 0.911975 0.00521911 0.00521911
25 30 2.1 2.4 0.943258 0.00509083 0.00509083
30 40 2.1 2.4 0.970353 0.0050147 0.0050147
40 50 2.1 2.4 0.98742 0.00500338 0.00500338
50 60 2.1 2.4 0.992872 0.00501864 0.00501864
60 120 2.1 2.4 0.993103 0.00504152 0.00504152
