10 20 -2.5 -2 0.729 0 0
20 35 -2.5 -2 0.849 0 0
35 50 -2.5 -2 0.902 0 0
50 90 -2.5 -2 0.912 0 0
90 150 -2.5 -2 0.915 0 0
150 500 -2.5 -2 0.915 0 0
10 20 -2 -1.566 0.768 0 0
20 35 -2 -1.566 0.876 0 0
35 50 -2 -1.566 0.922 0 0
50 90 -2 -1.566 0.932 0 0
90 150 -2 -1.566 0.93 0 0
150 500 -2 -1.566 0.93 0 0
10 20 -1.566 -1.444 0.521 0 0
20 35 -1.566 -1.444 0.707 0 0
35 50 -1.566 -1.444 0.872 0 0
50 90 -1.566 -1.444 0.891 0 0
90 150 -1.566 -1.444 0.923 0 0
150 500 -1.566 -1.444 0.923 0 0
10 20 -1.444 -0.8 0.778 0 0
20 35 -1.444 -0.8 0.898 0 0
35 50 -1.444 -0.8 0.95 0 0
50 90 -1.444 -0.8 0.959 0 0
90 150 -1.444 -0.8 0.951 0 0
150 500 -1.444 -0.8 0.951 0 0
10 20 -0.8 0 0.737 0 0
20 35 -0.8 0 0.901 0 0
35 50 -0.8 0 0.957 0 0
50 90 -0.8 0 0.963 0 0
90 150 -0.8 0 0.956 0 0
150 500 -0.8 0 0.956 0 0
10 20 0 0.8 0.752 0 0
20 35 0 0.8 0.905 0 0
35 50 0 0.8 0.959 0 0
50 90 0 0.8 0.965 0 0
90 150 0 0.8 0.96 0 0
150 500 0 0.8 0.96 0 0
10 20 0.8 1.444 0.78 0 0
20 35 0.8 1.444 0.899 0 0
35 50 0.8 1.444 0.952 0 0
50 90 0.8 1.444 0.961 0 0
90 150 0.8 1.444 0.953 0 0
150 500 0.8 1.444 0.953 0 0
10 20 1.444 1.566 0.539 0 0
20 35 1.444 1.566 0.708 0 0
35 50 1.444 1.566 0.879 0 0
50 90 1.444 1.566 0.892 0 0
90 150 1.444 1.566 0.924 0 0
150 500 1.444 1.566 0.924 0 0
10 20 1.566 2 0.76 0 0
20 35 1.566 2 0.871 0 0
35 50 1.566 2 0.925 0 0
50 90 1.566 2 0.933 0 0
90 150 1.566 2 0.927 0 0
150 500 1.566 2 0.927 0 0
10 20 2 2.5 0.742 0 0
20 35 2 2.5 0.859 0 0
35 50 2 2.5 0.906 0 0
50 90 2 2.5 0.916 0 0
90 150 2 2.5 0.908 0 0
150 500 2 2.5 0.908 0 0
