10 20 -2.5 -2 0.246 0.00549599 0.00549599
20 35 -2.5 -2 0.488 0.00559626 0.00559626
35 50 -2.5 -2 0.634 0.00623697 0.00623697
50 90 -2.5 -2 0.71 0.00528603 0.00528603
90 150 -2.5 -2 0.823 0.0174407 0.0174407
150 500 -2.5 -2 0.823 0.0174407 0.0174407
10 20 -2 -1.566 0.29 0.00639767 0.00639767
20 35 -2 -1.566 0.55 0.0104523 0.0104523
35 50 -2 -1.566 0.703 0.00530933 0.00530933
50 90 -2 -1.566 0.773 0.00442445 0.00442445
90 150 -2 -1.566 0.849 0.0181963 0.0181963
150 500 -2 -1.566 0.849 0.0181963 0.0181963
10 20 -1.566 -1.444 0.22 0.0226374 0.0226374
20 35 -1.566 -1.444 0.398 0.0434155 0.0434155
35 50 -1.566 -1.444 0.586 0.00989543 0.00989543
50 90 -1.566 -1.444 0.648 0.0156285 0.0156285
90 150 -1.566 -1.444 0.753 0.033806 0.033806
150 500 -1.566 -1.444 0.753 0.033806 0.033806
10 20 -1.444 -0.8 0.39 0.0105521 0.0105521
20 35 -1.444 -0.8 0.591 0.0080822 0.0080822
35 50 -1.444 -0.8 0.731 0.00515125 0.00515125
50 90 -1.444 -0.8 0.789 0.0151629 0.0151629
90 150 -1.444 -0.8 0.847 0.00742646 0.00742646
150 500 -1.444 -0.8 0.847 0.00742646 0.00742646
10 20 -0.8 0 0.365 0.00998749 0.00998749
20 35 -0.8 0 0.588 0.00930537 0.00930537
35 50 -0.8 0 0.717 0.00355682 0.00355682
50 90 -0.8 0 0.772 0.0136775 0.0136775
90 150 -0.8 0 0.836 0.0108042 0.0108042
150 500 -0.8 0 0.836 0.0108042 0.0108042
10 20 0 0.8 0.367 0.00998749 0.00998749
20 35 0 0.8 0.6 0.00921488 0.00921488
35 50 0 0.8 0.728 0.00351425 0.00351425
50 90 0 0.8 0.783 0.0135255 0.0135255
90 150 0 0.8 0.851 0.0107033 0.0107033
150 500 0 0.8 0.851 0.0107033 0.0107033
10 20 0.8 1.444 0.387 0.0106611 0.0106611
20 35 0.8 1.444 0.59 0.00804232 0.00804232
35 50 0.8 1.444 0.73 0.00514438 0.00514438
50 90 0.8 1.444 0.79 0.0150695 0.0150695
90 150 0.8 1.444 0.848 0.0074577 0.0074577
150 500 0.8 1.444 0.848 0.0074577 0.0074577
10 20 1.444 1.566 0.213 0.0218935 0.0218935
20 35 1.444 1.566 0.388 0.0437453 0.0437453
35 50 1.444 1.566 0.575 0.0099288 0.0099288
50 90 1.444 1.566 0.634 0.0155324 0.0155324
90 150 1.444 1.566 0.703 0.0345056 0.0345056
150 500 1.444 1.566 0.703 0.0345056 0.0345056
10 20 1.566 2 0.283 0.00625144 0.00625144
20 35 1.566 2 0.539 0.0104523 0.0104523
35 50 1.566 2 0.704 0.00536775 0.00536775
50 90 1.566 2 0.77 0.00446375 0.00446375
90 150 1.566 2 0.842 0.0183687 0.0183687
150 500 1.566 2 0.842 0.0183687 0.0183687
10 20 2 2.5 0.267 0.00603658 0.00603658
20 35 2 2.5 0.499 0.00584926 0.00584926
35 50 2 2.5 0.64 0.00637255 0.00637255
50 90 2 2.5 0.722 0.00539105 0.00539105
90 150 2 2.5 0.813 0.0177303 0.0177303
150 500 2 2.5 0.813 0.0177303 0.0177303
