10 14000 -2.4 -2.2 0.99 0.01 0.01
10 14000 -2.2 -2 0.99 0.01 0.01
10 14000 -2 -1.8 0.99 0.01 0.01
10 14000 -1.8 -1.6 1.00 0.01 0.01
10 14000 -1.6 -1.4 1.00 0.01 0.01
10 14000 -1.4 -1.2 1.00 0.01 0.01
10 14000 -1.2 -1 1.00 0.01 0.01
10 14000 -1 -0.8 1.00 0.01 0.01
10 14000 -0.8 -0.6 1.00 0.01 0.01
10 14000 -0.6 -0.4 1.00 0.01 0.01
10 14000 -0.4 -0.2 1 0.01 0.01
10 14000 0 0.2 1 0.01 0.01
10 14000 0.2 0.4 1 0.01 0.01
10 14000 0.4 0.6 1 0.01 0.01
10 14000 0.6 0.8 1 0.01 0.01
10 14000 0.8 1 1 0.01 0.01
10 14000 1 1.2 1 0.01 0.01
10 14000 1.2 1.4 1 0.01 0.01
10 14000 1.4 1.6 1 0.01 0.01
10 14000 1.6 1.8 1 0.01 0.01
10 14000 1.8 2 0.99 0.01 0.01
10 14000 2 2.2 0.99 0.01 0.01
10 14000 2.2 2.4 0.99 0.01 0.01
